0,16.51728553137004
1,15.227322166630412
2,14.605647517039921
3,34.090909090909086
4,17.884615384615383
5,7.965341098964052
6,9.425993753935167
7,12.159531292911415
8,14.185664046751317
9,16.301290428671578
10,17.74230074953223
11,18.68329471353875
12,20.067673545635582
13,22.367401321267973
14,23.941106080065225
15,25.964452970716017
16,27.45826597236488
17,29.84037216090486
18,30.0381190353513
19,30.7382005899705
20,30.84645738031218
21,28.116558346037607
22,22.91819858139982
23,21.85452086102754
,
